Mutation Types	0bfd1043-5142-3662-e050-11ac0c486501	0bfd1043-70fb-d2dc-e050-11ac0c4860cb	0bfd1043-7344-fdd0-e050-11ac0c484cab	0bfd1043-7346-fdd0-e050-11ac0c484cab	0bfd1043-7ebf-aaec-e050-11ac0c482f39	0bfd1043-7ec1-aaec-e050-11ac0c482f39	0bfd1043-7ed6-9ccc-e050-11ac0c481957	0bfd1043-816e-e3e4-e050-11ac0c4860c5	0bfd1043-8170-e3e4-e050-11ac0c4860c5	0bfd1043-8172-e3e4-e050-11ac0c4860c5	0bfd1043-8173-e3e4-e050-11ac0c4860c5	0bfd1043-8175-e3e4-e050-11ac0c4860c5	0bfd1043-8177-e3e4-e050-11ac0c4860c5	0bfd1043-817c-e3e4-e050-11ac0c4860c5	0bfd1043-817e-e3e4-e050-11ac0c4860c5	0bfd1043-8180-e3e4-e050-11ac0c4860c5	0bfd1043-8181-e3e4-e050-11ac0c4860c5	0bfd1043-8183-e3e4-e050-11ac0c4860c5	0bfd1043-8187-e3e4-e050-11ac0c4860c5	0bfd1043-8189-e3e4-e050-11ac0c4860c5	0bfd1068-3fc3-a95b-e050-11ac0c4860c3	0bfd1068-3fc5-a95b-e050-11ac0c4860c3	0bfd1068-3fca-a95b-e050-11ac0c4860c3	0bfd1068-3fcd-a95b-e050-11ac0c4860c3	0bfd1068-3fcf-a95b-e050-11ac0c4860c3	0bfd1068-3fd5-a95b-e050-11ac0c4860c3	0bfd1068-3fd8-a95b-e050-11ac0c4860c3	0bfd1068-3fdd-a95b-e050-11ac0c4860c3	0bfd1068-3fdf-a95b-e050-11ac0c4860c3	0bfd1068-3fe1-a95b-e050-11ac0c4860c3	0bfd1068-3fe4-a95b-e050-11ac0c4860c3	0bfd1068-3fe6-a95b-e050-11ac0c4860c3	0bfe2ac9-0aec-c248-e050-11ac0d487e1c	0bfe2ac9-0aee-c248-e050-11ac0d487e1c	0bfe2ac9-0af3-c248-e050-11ac0d487e1c	0bfe2ac9-0af5-c248-e050-11ac0d487e1c	0bfe2ac9-0af8-c248-e050-11ac0d487e1c	0bfe2ac9-0afa-c248-e050-11ac0d487e1c	0bfe2ac9-0afd-c248-e050-11ac0d487e1c	0bfe2ac9-0aff-c248-e050-11ac0d487e1c	0bfebf9f-c779-e57d-e050-11ac0d487827	0bfebf9f-c77d-e57d-e050-11ac0d487827	0bfebf9f-c77f-e57d-e050-11ac0d487827	0bfebf9f-c781-e57d-e050-11ac0d487827	0bfebf9f-c783-e57d-e050-11ac0d487827	0c0038ff-6cc4-b0b0-e050-11ac0d483d73	0c0038ff-6cc6-b0b0-e050-11ac0d483d73	0c0038ff-6cc8-b0b0-e050-11ac0d483d73	145f2b89-8878-4390-b0f6-f09b02fb138a	1558629a-770a-4dcb-b0bf-9a8bcea9d80b	1eb37b28-fac2-477a-88b3-e04291a07926	2b54d668-7585-4bf4-9fdd-aea3c5cd4fa4	2ea2294d-fab9-43ae-a222-370487495b06	32d8c373-b5c8-420b-9808-8812b5501649	3b8ab548-6669-4142-9612-cafded0d7a23	41c565a9-d44a-447f-85c0-98f23bfee1b3	51adf6cf-f422-4d7e-aa46-cc9bf0ef8693	61973578-4c0d-4a3f-b9c4-f96ceab24629	6218f366-d5d2-4289-a95e-eeedfae7523a	734a8251-9ecc-47f5-835f-846b67693ca6	7ae9b843-488f-459c-8c0d-c81dcae57f99	7d6fb1a7-7742-4b8c-9903-abff706240b5	7dd2dc62-0eb4-4d45-86f1-e9e9377181ca	7e10e325-16d2-42df-b957-df4d3a9477d0	836ec5a5-e385-4236-83e7-2641ee35db7f	84ae4dd8-f661-46aa-9892-69742e2f3542	9ed8f0b9-d615-44c4-9ec9-e07ecd744922	a6045753-60bb-4e65-bc89-1ef0b47aab35	dc85552c-2488-48d9-9da1-67a380945b85	ec16d1f5-f8a9-4c19-8cce-92f6ea9eb3f7	f921b592-fa4d-49f7-b773-81a0e903aaed	f9c0a12c-2651-d9ea-e040-11ac0d483201	f9c3eaad-a0d9-8bf8-e040-11ac0d481d8e	f9c650e7-9053-78eb-e040-11ac0d4874bb	fc9d5fc6-7f7d-1313-e040-11ac0d485f85
0:homdel:0-100kb	0	1	1	0	0	1	1	1	0	0	0	0	0	1	3	2	1	1	1	0	0	1	0	0	2	1	3	2	1	3	0	0	0	0	2	0	0	0	1	0	3	2	0	0	1	0	0	0	0	2	0	1	3	0	0	0	0	8	16	2	1	0	5	0	0	0	11	9	3	1	0	0	4	1	0
0:homdel:100kb-1Mb	0	0	0	1	1	0	0	0	0	0	0	0	0	0	0	2	3	1	0	0	0	1	0	0	0	1	2	3	3	3	0	1	0	1	0	0	0	0	0	0	3	0	0	0	0	2	1	0	0	0	0	0	0	0	0	0	0	2	6	0	1	0	2	0	1	1	7	2	0	0	0	0	1	1	0
0:homdel:>1Mb	0	0	0	0	0	0	0	0	0	0	0	0	0	0	0	0	0	0	0	0	0	0	0	0	0	0	0	0	1	0	0	0	0	0	0	0	0	0	0	1	0	0	0	0	0	0	0	0	0	0	0	1	0	0	0	0	0	0	0	0	0	0	0	0	0	0	0	1	0	0	0	0	2	0	0
1:LOH:0-100kb	4	7	0	2	38	3	0	0	2	2	3	0	1	8	37	11	3	30	1	5	0	11	0	0	10	7	45	24	6	8	4	0	4	0	25	52	44	6	6	6	37	8	25	4	4	50	36	3	2	4	0	3	3	5	3	21	3	21	9	2	4	6	15	4	4	1	16	1	9	1	1	6	1	26	0
1:LOH:100kb-1Mb	6	7	6	0	23	19	1	1	1	1	2	1	3	21	17	7	8	11	0	6	1	9	4	3	17	22	25	22	10	7	6	0	1	0	14	39	27	3	3	6	28	7	17	7	5	27	27	7	3	3	1	9	5	3	11	2	1	5	25	3	8	6	15	2	17	10	6	4	18	0	1	1	0	15	1
1:LOH:1Mb-10Mb	3	2	25	3	22	34	3	12	6	4	5	2	11	32	19	35	29	16	9	3	5	9	11	11	22	32	29	26	33	31	2	11	3	2	17	24	21	2	5	2	24	30	9	3	3	23	24	2	9	6	0	8	7	7	11	4	0	6	13	5	10	6	9	6	8	6	3	2	13	1	7	7	0	12	0
1:LOH:10Mb-40Mb	3	2	7	2	7	10	2	11	3	1	1	1	4	10	11	12	11	11	5	3	1	2	5	6	12	9	4	6	15	12	3	4	2	2	11	7	8	3	3	3	5	14	3	3	3	8	9	3	2	2	0	3	3	5	7	1	0	2	2	1	1	2	8	5	4	1	1	0	4	0	1	2	1	6	0
1:LOH:>40Mb	0	0	0	0	0	2	0	0	0	0	0	0	0	2	3	1	1	4	0	0	0	1	0	0	1	3	0	0	0	0	0	0	0	0	4	0	0	0	0	0	0	0	0	0	0	0	0	0	2	0	0	3	1	1	2	0	0	0	0	1	0	4	2	2	1	0	1	1	0	0	1	2	0	1	1
2:LOH:0-100kb	2	4	0	5	8	1	7	0	6	5	5	3	0	1	9	16	9	7	0	0	7	0	0	0	1	2	15	12	16	11	3	0	10	5	3	10	7	2	3	1	9	12	21	6	5	7	6	3	0	0	0	3	0	0	0	0	11	0	0	1	0	0	3	0	1	0	0	1	1	2	0	0	36	1	0
2:LOH:100kb-1Mb	7	6	15	9	7	4	9	9	2	7	6	7	0	4	1	10	10	3	6	7	6	0	0	0	4	4	5	6	10	9	7	6	8	12	1	6	6	5	7	7	4	9	12	5	9	6	6	6	0	0	0	1	0	0	0	0	9	0	0	0	0	1	2	1	0	0	1	1	0	0	0	0	18	0	0
2:LOH:1Mb-10Mb	12	6	15	8	5	4	10	8	6	4	8	8	1	4	3	15	14	4	6	8	7	0	0	0	2	4	3	2	17	16	9	6	9	9	1	4	4	8	13	11	2	16	17	12	12	4	4	8	1	0	0	1	0	0	0	0	2	0	1	0	0	0	0	0	0	0	0	1	0	1	0	0	14	0	1
2:LOH:10Mb-40Mb	5	4	0	1	1	0	3	0	6	8	8	7	0	0	3	3	4	3	0	5	8	2	0	0	0	0	1	1	3	2	5	0	2	3	4	0	1	4	6	4	2	3	0	5	5	1	0	3	0	0	0	0	0	0	0	0	2	0	0	0	0	0	0	0	0	0	0	4	0	0	0	0	3	0	1
2:LOH:>40Mb	2	2	0	0	0	0	0	0	2	2	2	2	0	0	0	0	0	0	0	2	2	1	1	1	0	0	0	2	0	0	2	0	1	0	0	1	1	2	2	2	1	0	0	2	3	1	1	2	0	0	0	0	0	0	0	0	1	0	0	0	0	0	0	0	0	0	0	3	0	0	0	0	0	0	1
3-4:LOH:0-100kb	3	1	1	2	6	1	0	1	0	2	5	1	0	0	1	9	5	1	1	0	1	1	0	0	0	0	7	5	8	8	0	1	1	1	0	5	4	1	1	1	4	9	11	0	1	4	4	3	0	0	0	1	0	0	0	0	5	0	1	0	0	0	0	0	0	0	0	0	0	0	0	0	1	0	0
3-4:LOH:100kb-1Mb	1	1	0	0	4	0	0	1	2	3	3	3	0	1	0	3	3	1	2	1	2	0	0	0	1	0	4	5	2	2	1	2	0	0	1	5	4	2	1	1	5	1	3	1	0	4	4	0	0	0	0	0	0	0	0	0	0	0	0	0	0	0	0	0	0	0	0	0	0	0	0	0	0	0	0
3-4:LOH:1Mb-10Mb	3	3	3	0	1	0	0	3	0	1	1	2	0	0	1	2	1	0	3	2	1	0	0	0	0	0	0	1	2	1	2	3	0	0	0	1	1	2	3	2	2	1	4	4	3	1	1	3	0	0	0	0	0	0	0	0	0	0	0	0	0	0	0	0	0	0	0	0	0	0	0	0	0	0	1
3-4:LOH:10Mb-40Mb	1	0	0	1	0	0	0	0	0	2	2	2	0	0	0	0	0	0	0	0	0	0	0	0	0	0	1	0	0	0	1	0	0	0	0	0	0	0	1	0	0	0	1	1	1	0	0	2	0	0	1	0	0	0	0	0	0	0	0	0	0	0	0	0	0	0	0	0	0	0	0	0	0	0	0
3-4:LOH:>40Mb	0	0	0	1	0	0	0	0	0	0	0	0	0	0	0	0	0	0	0	0	0	0	0	0	0	0	0	0	0	0	0	0	0	0	0	0	0	0	0	0	0	0	0	0	0	0	0	0	0	0	0	0	0	0	0	0	0	0	0	0	0	0	0	0	0	0	0	0	0	0	0	0	0	0	0
5-8:LOH:0-100kb	0	0	0	0	0	0	0	0	0	0	0	0	0	0	0	1	0	0	0	0	0	0	0	0	0	0	0	0	1	0	0	0	0	0	0	0	0	0	0	0	0	0	4	0	0	0	0	0	0	0	0	0	0	0	0	0	0	0	0	0	0	0	0	0	0	0	0	0	0	0	0	0	0	0	0
5-8:LOH:100kb-1Mb	0	0	0	0	0	1	0	0	0	1	1	1	0	0	0	0	0	0	0	0	0	0	0	0	0	1	0	0	0	0	0	0	0	0	0	0	0	0	0	0	0	0	2	0	0	0	0	1	0	0	0	0	0	0	0	0	0	0	0	0	0	0	0	0	0	0	0	0	0	0	0	0	0	0	0
5-8:LOH:1Mb-10Mb	0	1	0	0	0	0	0	0	0	0	0	0	0	0	0	1	0	0	0	0	0	0	0	0	0	0	0	0	0	0	1	0	0	0	0	0	0	1	0	1	0	0	0	0	0	0	0	1	0	0	0	0	0	0	0	0	0	0	0	0	0	0	0	0	0	0	0	0	1	0	0	0	0	0	0
5-8:LOH:10Mb-40Mb	0	1	0	0	0	0	0	0	0	0	0	0	0	0	0	0	0	0	0	1	0	0	0	0	0	0	0	0	0	0	0	0	0	0	0	0	0	1	0	1	0	0	0	0	0	0	0	1	0	0	0	0	0	0	0	0	0	0	0	0	0	0	0	0	0	0	0	0	0	0	0	0	0	0	0
5-8:LOH:>40Mb	0	0	0	0	0	0	0	0	0	0	0	0	0	0	0	0	0	0	0	0	0	0	0	0	0	0	0	0	0	0	0	0	0	0	0	0	0	0	0	0	0	0	0	0	0	0	0	0	0	0	0	0	0	0	0	0	0	0	0	0	0	0	0	0	0	0	0	0	0	0	0	0	0	0	0
9+:LOH:0-100kb	0	0	0	0	0	0	0	0	0	0	0	0	0	0	0	0	0	0	0	0	0	0	0	1	0	0	0	0	0	0	0	0	0	0	0	2	0	0	0	0	0	0	2	0	0	0	0	0	0	0	0	0	0	0	0	0	0	0	0	0	0	0	0	0	0	0	0	0	0	0	0	0	0	0	0
9+:LOH:100kb-1Mb	0	0	0	0	0	0	0	0	0	0	0	0	0	0	0	0	0	0	0	0	0	0	0	0	0	0	1	0	0	0	0	0	0	0	0	1	0	0	0	0	0	0	0	0	0	0	0	0	0	0	0	0	0	0	0	0	0	0	0	0	0	0	0	0	0	0	0	0	0	0	0	0	0	0	0
9+:LOH:1Mb-10Mb	0	0	0	0	0	0	0	0	0	0	0	0	0	0	0	0	0	0	0	0	0	0	0	0	0	0	0	0	0	0	0	0	0	0	0	0	0	0	0	0	0	0	0	0	0	0	0	0	0	0	0	0	0	0	0	0	0	0	0	0	0	0	0	0	0	0	0	0	0	0	0	0	0	0	0
9+:LOH:10Mb-40Mb	0	0	0	0	0	0	0	0	0	0	0	0	0	0	0	0	0	0	0	0	0	0	0	0	0	0	0	0	0	0	0	0	0	0	0	0	0	0	0	0	0	0	0	0	0	0	0	0	0	0	0	0	0	0	0	0	0	0	0	0	0	0	0	0	0	0	0	0	0	0	0	0	0	0	0
9+:LOH:>40Mb	0	0	0	0	0	0	0	0	0	0	0	0	0	0	0	0	0	0	0	0	0	0	0	0	0	0	0	0	0	0	0	0	0	0	0	0	0	0	0	0	0	0	0	0	0	0	0	0	0	0	0	0	0	0	0	0	0	0	0	0	0	0	0	0	0	0	0	0	0	0	0	0	0	0	0
2:het:0-100kb	6	5	1	1	12	6	1	2	2	2	2	1	1	6	15	8	5	11	7	5	2	12	0	1	9	5	14	11	8	9	5	2	0	1	9	17	16	4	4	6	14	6	5	2	5	13	18	3	0	2	3	0	1	4	4	5	0	5	7	2	7	1	2	1	1	0	0	0	11	0	0	1	0	9	1
2:het:100kb-1Mb	4	1	29	0	14	10	0	13	1	1	1	1	1	14	23	25	15	27	21	2	0	5	3	2	9	9	23	19	28	17	2	28	0	0	22	31	21	1	6	1	19	29	3	5	2	27	19	2	5	1	0	4	4	4	2	10	0	7	5	0	0	1	13	0	6	0	15	2	10	0	0	2	1	19	2
2:het:1Mb-10Mb	3	2	154	0	26	22	0	123	0	0	0	0	7	24	27	121	73	25	112	2	0	11	5	9	17	23	30	20	114	92	4	137	0	0	24	32	21	1	6	2	21	111	2	3	3	29	26	4	4	2	0	8	4	5	12	4	0	17	13	5	9	4	13	3	12	6	11	6	9	3	2	4	0	25	1
2:het:10Mb-40Mb	7	6	50	0	14	33	0	50	0	0	0	0	8	28	33	48	52	23	67	4	0	9	8	13	13	34	19	20	52	45	6	68	0	0	29	26	17	4	6	4	18	53	0	6	10	24	15	6	8	4	0	14	15	14	12	11	3	17	21	10	15	11	20	12	16	10	14	9	15	2	9	7	0	19	0
2:het:>40Mb	4	3	0	0	10	12	0	2	0	0	0	0	18	15	12	1	3	11	1	3	0	7	19	17	9	12	11	11	1	2	3	3	0	0	12	10	9	2	6	2	8	2	0	4	4	13	8	3	18	13	1	18	19	20	20	22	1	30	25	24	19	24	23	22	20	22	27	18	28	0	20	21	0	26	0
3-4:het:0-100kb	9	11	20	9	12	8	7	21	11	11	14	8	1	8	16	139	91	13	15	11	13	1	0	13	16	8	16	14	152	114	18	19	11	7	12	17	11	13	9	12	9	143	16	10	16	13	17	38	1	0	3	0	1	4	0	1	12	6	6	7	2	0	3	1	2	0	0	0	1	3	0	2	12	5	4
3-4:het:100kb-1Mb	7	6	213	6	35	26	8	153	11	9	14	17	4	26	13	69	69	8	157	8	9	1	3	17	24	31	24	37	78	52	8	199	9	5	6	42	36	10	13	13	17	74	38	10	12	45	36	8	6	0	2	1	1	2	1	0	1	3	5	1	4	0	8	0	2	0	3	3	3	5	0	0	29	6	23
3-4:het:1Mb-10Mb	20	14	178	9	37	16	17	122	17	22	28	28	3	14	15	88	73	19	95	16	13	0	1	10	5	19	19	29	88	71	26	112	18	12	21	38	39	15	36	14	18	67	41	30	36	32	34	23	3	0	7	2	0	2	3	2	9	0	5	0	2	0	3	2	3	0	3	3	0	1	0	5	28	0	28
3-4:het:10Mb-40Mb	12	8	8	16	19	11	16	4	23	25	23	34	7	12	12	14	13	12	6	12	21	0	7	7	4	9	9	12	13	11	14	5	17	14	12	22	18	12	15	11	15	10	33	16	15	23	19	13	8	0	8	4	0	2	2	1	17	0	0	1	3	2	1	0	0	0	3	5	1	9	1	0	25	0	16
3-4:het:>40Mb	13	9	0	15	6	2	18	0	9	10	12	15	1	2	2	0	0	1	0	10	11	0	3	1	1	3	6	6	0	0	7	0	18	17	2	3	4	7	14	8	5	0	13	15	13	3	4	4	6	1	19	1	3	2	0	2	12	1	1	1	0	0	0	1	1	1	1	6	0	17	1	1	23	1	26
5-8:het:0-100kb	4	1	7	1	0	2	0	7	7	7	7	8	0	1	0	23	18	0	3	3	3	0	0	3	5	6	6	1	32	28	4	3	0	3	0	2	0	0	6	2	5	23	10	4	4	0	1	2	2	0	1	0	0	0	0	0	7	0	1	1	0	0	0	0	0	0	2	0	0	1	0	0	0	3	1
5-8:het:100kb-1Mb	3	1	52	2	5	7	2	28	5	7	5	9	0	0	0	11	9	1	15	3	7	0	0	8	2	14	14	2	10	7	2	18	2	0	2	2	3	2	3	2	7	9	19	2	5	2	3	1	1	0	0	0	0	0	0	0	12	0	10	0	0	0	0	0	0	0	0	0	0	2	0	3	1	14	1
5-8:het:1Mb-10Mb	3	1	12	1	1	2	0	7	6	8	15	23	0	1	1	4	2	1	2	3	10	0	0	5	0	3	4	1	3	0	2	4	1	0	0	1	1	5	4	2	2	4	12	8	3	1	1	5	0	0	4	0	0	0	0	0	4	0	3	0	0	0	0	0	0	0	0	0	0	0	0	0	0	2	0
5-8:het:10Mb-40Mb	1	0	0	2	0	0	0	0	5	5	11	15	0	0	0	0	0	0	0	0	3	0	0	0	0	0	2	0	0	0	0	0	0	0	0	0	0	1	0	0	0	0	5	0	0	0	0	0	0	0	1	0	0	0	0	0	2	0	0	0	0	0	0	0	0	0	0	0	0	0	0	0	1	0	0
5-8:het:>40Mb	0	0	0	1	0	0	0	0	0	1	2	2	0	0	0	0	0	0	0	0	1	0	0	0	0	0	0	0	0	0	1	0	0	0	0	0	0	0	0	0	0	0	3	1	1	0	0	1	0	0	2	0	0	0	0	0	4	0	0	0	0	0	0	0	0	0	0	0	0	0	0	0	0	0	0
9+:het:0-100kb	1	0	0	0	3	0	0	0	0	1	2	1	0	0	0	0	0	0	0	0	3	0	0	3	0	0	3	2	1	0	0	0	0	0	0	2	4	0	1	0	2	0	7	0	0	2	4	0	0	0	0	0	0	0	0	0	2	0	0	0	0	0	0	0	0	0	0	0	0	0	0	0	0	0	0
9+:het:100kb-1Mb	1	0	0	0	7	0	0	0	0	1	1	0	0	0	0	1	0	0	0	0	2	0	0	2	0	1	5	9	1	0	0	0	0	0	0	7	10	0	1	0	4	1	22	0	0	9	9	0	0	0	0	0	0	0	0	0	2	0	3	0	0	0	0	0	0	0	0	0	0	0	0	0	0	0	0
9+:het:1Mb-10Mb	0	0	0	0	0	0	0	0	0	0	0	0	0	0	0	0	0	0	0	0	0	0	0	0	0	0	0	1	0	0	0	0	0	0	0	0	1	0	0	0	1	0	8	0	0	0	0	0	0	0	0	0	0	0	0	0	1	0	0	0	0	0	0	0	0	0	0	0	0	0	0	0	0	0	0
9+:het:10Mb-40Mb	0	0	0	0	0	0	0	0	0	0	0	0	0	0	0	0	0	0	0	0	0	0	0	0	0	0	0	0	0	0	0	0	0	0	0	0	0	0	0	0	0	0	3	0	0	0	0	0	0	0	0	0	0	0	0	0	1	0	0	0	0	0	0	0	0	0	0	0	0	0	0	0	0	0	0
9+:het:>40Mb	0	0	0	0	0	0	0	0	0	0	0	0	0	0	0	0	0	0	0	0	0	0	0	0	0	0	0	0	0	0	0	0	0	0	0	0	0	0	0	0	0	0	0	0	0	0	0	0	0	0	0	0	0	0	0	0	0	0	0	0	0	0	0	0	0	0	0	0	0	0	0	0	0	0	0
